
*** Unsorted array ***

0.) 620
1.) 330
2.) 209
3.) 705
4.) 47
5.) 632
6.) 441
7.) 801
8.) 0
9.) 846
10.) 781
11.) 446
12.) 952
13.) 182
14.) 840
15.) 917
16.) 902
17.) 429
18.) 905
19.) 446
20.) 725
21.) 610
22.) 62
23.) 31
24.) 841
25.) 590
26.) 741
27.) 556
28.) 102
29.) 982
30.) 23
31.) 722
32.) 312
33.) 233


*** Sorted array ***

34
0 0
1 23
2 31
3 47
4 62
5 102
6 182
7 209
8 233
9 312
10 330
11 429
12 441
13 446
14 446
15 556
16 590
17 610
18 620
19 632
20 705
21 722
22 725
23 741
24 781
25 801
26 840
27 841
28 846
29 902
30 905
31 917
32 952
33 982

